name: deepsd_py2
channels:
  - menpo
  - defaults
  - pytorch
  - conda-forge
  - anaconda
dependencies:
  - _libgcc_mutex=0.1=main
  - asn1crypto=1.2.0=py27_0
  - backports=1.0=py_2
  - backports.functools_lru_cache=1.5=py_2
  - backports_abc=0.5=py27_0
  - blas=1.0=mkl
  - bleach=1.5.0=py27_0
  - bzip2=1.0.8=h7b6447c_0
  - ca-certificates=2019.10.16=0
  - cairo=1.14.12=h8948797_3
  - certifi=2019.9.11=py27_0
  - cffi=1.13.1=py27h2e261b9_0
  - chardet=3.0.4=py27_1003
  - conda=4.7.12=py27_0
  - conda-package-handling=1.6.0=py27h7b6447c_0
  - cryptography=2.8=py27h1ba5d50_0
  - curl=7.65.3=hbc83047_0
  - cycler=0.10.0=py27_0
  - dbus=1.13.12=h746ee38_0
  - enum34=1.1.6=py27_1
  - expat=2.2.6=he6710b0_0
  - fontconfig=2.13.0=h9420a91_0
  - freetype=2.9.1=h8a8886c_1
  - freexl=1.0.5=h14c3975_0
  - funcsigs=1.0.2=py27_0
  - functools32=3.2.3.2=py27_1
  - futures=3.3.0=py27_0
  - gdal=2.3.3=py27hbb2a789_0
  - geos=3.7.1=he6710b0_0
  - giflib=5.1.4=h14c3975_1
  - glib=2.63.1=h5a9c865_0
  - gst-plugins-base=1.14.0=hbbd80ab_1
  - gstreamer=1.14.0=hb453b48_1
  - hdf4=4.2.13=h3ca952b_2
  - hdf5=1.10.4=hb1b8bf9_0
  - html5lib=0.9999999=py27_0
  - icu=58.2=h9c2bf20_1
  - idna=2.8=py27_0
  - intel-openmp=2019.4=243
  - ipaddress=1.0.23=py_0
  - jpeg=9b=h024ee3a_2
  - json-c=0.13.1=h1bed415_0
  - kealib=1.4.7=hd0c454d_6
  - kiwisolver=1.1.0=py27he6710b0_0
  - krb5=1.16.1=h173b8e3_7
  - libboost=1.67.0=h46d08c1_4
  - libcurl=7.65.3=h20c2e04_0
  - libdap4=3.19.1=h6ec2957_0
  - libedit=3.1.20181209=hc058e9b_0
  - libffi=3.2.1=hd88cf55_4
  - libgcc-ng=9.1.0=hdf63c60_0
  - libgdal=2.3.3=h2e7e64b_0
  - libgfortran-ng=7.3.0=hdf63c60_0
  - libkml=1.3.0=h590aaf7_4
  - libnetcdf=4.6.1=h11d0813_2
  - libpng=1.6.37=hbc83047_0
  - libpq=11.2=h20c2e04_0
  - libprotobuf=3.9.2=hd408876_0
  - libspatialite=4.3.0a=hb08deb6_19
  - libssh2=1.8.2=h1ba5d50_0
  - libstdcxx-ng=9.1.0=hdf63c60_0
  - libtiff=4.1.0=h2733197_0
  - libuuid=1.0.3=h1bed415_2
  - libxcb=1.13=h1bed415_1
  - libxml2=2.9.9=hea5a465_1
  - markdown=3.1.1=py27_0
  - matplotlib=2.2.3=py27hb69df0a_0
  - mkl=2019.4=243
  - mkl-service=2.3.0=py27he904b0f_0
  - mkl_fft=1.0.15=py27ha843d7b_0
  - mkl_random=1.1.0=py27hd6b4f25_0
  - mock=3.0.5=py27_0
  - ncurses=6.1=he6710b0_1
  - numpy=1.16.5=py27h7e9f1db_0
  - numpy-base=1.16.5=py27hde5b4d6_0
  - olefile=0.46=py27_0
  - opencv=2.4.11=nppy27_0
  - openjpeg=2.3.0=h05c96fa_1
  - openssl=1.1.1d=h7b6447c_3
  - pandas=0.24.2=py27he6710b0_0
  - pcre=8.43=he6710b0_0
  - pillow=6.2.1=py27h34e0f95_0
  - pip=19.3.1=py27_0
  - pixman=0.38.0=h7b6447c_0
  - poppler=0.65.0=h581218d_1
  - poppler-data=0.4.9=0
  - proj4=5.2.0=he6710b0_1
  - protobuf=3.9.2=py27he6710b0_0
  - pycosat=0.6.3=py27h14c3975_0
  - pycparser=2.19=py27_0
  - pyopenssl=19.0.0=py27_0
  - pyparsing=2.4.2=py_0
  - pyqt=5.9.2=py27h05f1152_2
  - pysocks=1.7.1=py27_0
  - python=2.7.17=h9bab390_0
  - python-dateutil=2.8.1=py_0
  - pytz=2019.3=py_0
  - qt=5.9.7=h5867ecd_1
  - readline=7.0=h7b6447c_5
  - requests=2.22.0=py27_0
  - ruamel_yaml=0.15.46=py27h14c3975_0
  - scikit-learn=0.20.3=py27hd81dba3_0
  - scipy=1.2.1=py27h7c811a0_0
  - setuptools=41.6.0=py27_0
  - singledispatch=3.4.0.3=py27_0
  - sip=4.19.8=py27hf484d3e_0
  - six=1.12.0=py27_0
  - sqlite=3.30.1=h7b6447c_0
  - subprocess32=3.5.4=py27h7b6447c_0
  - tensorflow=1.4.1=0
  - tensorflow-base=1.4.1=py27hd00c003_2
  - tensorflow-tensorboard=1.5.1=py27hf484d3e_1
  - tk=8.6.8=hbc83047_0
  - tornado=5.1.1=py27h7b6447c_0
  - tqdm=4.36.1=py_0
  - urllib3=1.24.2=py27_0
  - webencodings=0.5.1=py27_1
  - werkzeug=0.16.0=py_0
  - wheel=0.33.6=py27_0
  - xarray=0.11.3=py27_0
  - xerces-c=3.2.2=h780794e_0
  - xz=5.2.4=h14c3975_4
  - yaml=0.1.7=had09818_2
  - zlib=1.2.11=h7b6447c_3
  - zstd=1.3.7=h0b5b093_0
prefix: /nobackupp10/tvandal/miniconda3/envs/deepsd_py2

